10000110
000
110010
1010
1011
01000
01001
000
0111
0111
001
111000
100011
0101
0110
111001
0101
111001
001
11000
1001
1101
1011
111010
111010
001
11000
1010
1011
000
111000
1011
001
111110
001
1011
100011
0101
000
1101
0101
000
1011
111010
001
11000
1010
1011
000
1010
1111110
1011
001
111000
000
0111
0111
0110
001
1001
1010
01001
001
1011
1010
111110
1010
1101
000
11000
1011
111000
0110
01001
111110
111110
1010
1110111
000
1011
1000010
1010
0111
01001
001
1001
110010
1010
0111
111010
001
11000
1010
1011
000
11000
1001
01000
000
1011
1101
0101
000
1010
110010
000
001
111000
11001101101
1100110111
1010
1001
01000
111001
11000
1011
1011
000
1001
1101
01001
111010
01001
0110
100010
000
0110
1001
111011010
11000
1010
1001
110010
01000
001
1001
110010
1000010
111010
001
11000
1010
1011
000
0110
1001
100010
0110
1101
000
01000
1101
001
0111
000
1001
01000
111010
001
11000
1011
0111
0101
001
1011
1101
100010
0110
01000
000
001
0111
001
1001
1101
0101
000
1101
0101
000
111110
000
001
111000
111011011
1111000000
1111000001
001
111110
000
111011011
1111000010
1101
001
1101
0101
000
1100111
000
111001
001
1001
01000
1111111
1011
001
0111
0111
10000111
1100111
1101
1011
1010
0110
1101
0111
111100010
001
11000
1101
0101
1111111
1011
000
1010
1101
0110
100010
000
1100111
0101
001
1011
1101
111100011
0110
01001
111110
1111111
001
1001
1101
000
0111
1101
1000010
1101
001
0111
1101
1010
1001
01000
1010
111001
0101
1010
1001
111001
000
001
111000
100011
0110
1001
1001
0110
1001
110010
1010
0111
000
1011
0110
001
11000
0111
111001
1010
0111
0101
1111110
1011
0110
111100100
000
1000010
001
111000
11000
1111110
1101
001
11001100
100000
1000010
100000
100000
100000
10000110
1111000011
1111001010
11110011
11001100
100000
111101000
1111001011
111110
1010
1011
1110111
0111
1101
0101
000
111101001
100000
1101
0101
1010
1001
1001
0110
100010
000
1011
0111
1010
1011
111010
001
111000
1101
0101
000
111000
001
11000
1001
01000
0110
1001
110010
001
111000
1101
0101
000
1111010100
000
001
1111110
01001
000
1111010101
0111
10000110
000
1111110
11000
11110110
01001
0110
111001
001
111000
1111111
0101
0110
1001
1010
11110011
1111010110
1001
001
1011
111110
001
11000
0111
111001
0101
1010
1001
110010
000
0111
0101
1010
100010
000
1101
1010
1110111
000
1001
1111110
01001
1010
111001
000
0110
1001
1111111
0101
0110
1001
1010
001
100010
000
1011
1101
0101
000
1111110
1010
0111
1101
111101001
100000
111010
000
1010
1011
0111
11110011
11110111
0110
1101
0101
111110
001
1011
000
1010
1001
01000
111110
001
1011
000
000
1111010111
1111110
1010
1101
0111
111000
1011
001
111110
1010
01001
01001
001
100010
000
1011
1101
0101
000
100011
001
1011
01001
01000
111001
001
111110
0110
1001
110010
1101
001
1111111
0101
0110
1001
1010
100011
000
100011
1010
1001
1101
1101
001
1110111
1001
001
100011
110011010
11110111
0101
1010
1101
01000
001
000
0111
111010
001
11000
1011
0101
001
111110
000
1101
001
100011
1001
01001
001
001
1110111
01001
0110
1110111
000
11101100
11110111
0101
1010
1101
1001
001
100010
000
01001
1101
0101
0110
1001
110010
0111
111010
001
11000
0101
1010
100010
000
100011
0110
1101
1001
000
0111
0111
000
01000
0110
1001
111011010
11000
1010
1001
110010
01000
001
1001
110010
11101100
11110111
0101
1010
1101
0111
1101
001
1011
0110
000
0111
100011
001
11000
01001
01000
111010
001
11000
01001
0110
1110111
000
1101
001
0111
0101
1010
1011
000
100011
0110
1101
0101
111010
001
11000
1011
111000
1011
0110
000
1001
01000
0111
11110110
1010
111001
1110111
0101
001
111110
000
11101100
1100111
11000
11110110
111110
0110
1101
111010
001
11000
1011
11001100
100000
10000111
111101000
100000
0111
000
111001
001
1001
01000
0111
0101
001
1011
1101
0111
1101
001
1011
111010
1101
001
1101
0101
000
1100111
000
111001
001
1001
01000
1111111
1011
001
0111
0111
10000111
1100111
1101
1011
1010
0110
1101
0111
111100010
001
11000
1101
0101
1111111
1011
000
1010
1101
0110
100010
000
1100111
0101
001
1011
1101
111100011
0110
01001
111110
1111111
001
1001
1101
000
0111
1101
1101
001
100011
0110
1001
11110110
0110
110010
111001
1010
0111
0101
1111110
1011
0110
111100100
000
0111
11110011
