        10         8     11110
        32        39        01
        56         1  11111110
        57         3    101100
        97        16      1110
        98         2   1011111
        99         2   1111100
       100        15      1101
       101         3    101101
       102        12      1001
       103         2   1111101
       104        10      1000
       105         7     11000
       106         1  11111111
       111         2   1111110
       113        20       001
       114         7     11001
       115        12      1010
       116         1   1011110
       117         3    101110
       119        17       000
