29
1   Ã‘±¶   4   3
   √´ΩÌ   10   100
   —¿À¢   8   200
   œ¥∑¢ÀÆ   50   50
2   ÃÏ√®   4   3
   œ¥∑¢ÀÆ   50   50
   √´ΩÌ   10   300
   „Â‘°¬∂   50   61
3   æ©∂´   4   4
   ∑ ‘Ì   5   200
   —¿∏‡   15   300
   œ¥∑¢ÀÆ   30   60
   √´ΩÌ   20   200
4   µÍ∆Ã   3   0
5   µÍ∆Ã   4   0
6   µÍ∆Ã   2   0
7   µÍ∆Ã   4   0
8   µÍ∆Ã   5   0
9   µÍ∆Ã   4   0
10   µÍ∆Ã   4   0
11   µÍ∆Ã   4   0
12   µÍ∆Ã   4   0
13   µÍ∆Ã   4   0
14   µÍ∆Ã   1   0
15   µÍ∆Ã   4   4
   ∑ ‘Ì   5   200
   —¿∏‡   15   300
   œ¥∑¢ÀÆ   30   60
   √´ΩÌ   20   200
16   µÍ∆Ã   4   0
17   µÍ∆Ã   4   0
18   µÍ∆Ã   4   0
19   µÍ∆Ã   4   0
20   µÍ∆Ã   2   0
21   µÍ∆Ã   3   0
22   µÍ∆Ã   4   0
23   µÍ∆Ã   4   1
   √´ΩÌ   20   200
24   µÍ∆Ã   3   4
   ∑ ‘Ì   5   200
   —¿∏‡   15   300
   œ¥∑¢ÀÆ   30   60
   √´ΩÌ   20   200
25   µÍ∆Ã   4   0
26   µÍ∆Ã   4   0
27   µÍ∆Ã   5   0
28   µÍ∆Ã   4   0
29   µÍ∆Ã   4   0
